40313362
40315606
40309667
40315917
40314057
40316037
40314990
40308690
40275414
40305100
40316427
40305450
40313879
40315168
40313251
40313889
40315942
40314098
40305879
40316298
40313877
40313514
40297134
40312233
40314093
40315174
40313044
40313299
40312957
40313091
40288455
40314622
40271965
40244727
40315389
40313367
40315697
40305093
40283396
40313830
40316225
40312858
40314435
40313374
40310943
40315334
40315323
40315835
40314619
40304906
40313286
40315181
40302796
40316465
40280960
40316094
40316232
40315922
40315353
40314356
40312905
40315879
40315508
40314386
40314683
40313535
40314377
40301607
40272254
40314818
40261268
40313576
40315076
40312903
40314864
40315391
40313952
40315938
40313599
40313041
40315142
40310891
40315342
40313628
40314804
40314126
40308827
40314906
40312882
30724710
40315379
40314875
40313473
40314711
40285305
40311245
40314873
40312958
40252099
40312929
40314669
40290743
40313226
40130944
40314416
40314128
40313183
40315086
40313084
40315178
40285641
40315758
40313866
40314860
40302301
40316186
40313570
40313747
40246495
40304554
40314548
40283204
40315487
40314136
40316490
40315510
40315941
40301063
40314273
40315416
40315226
40316199
40316356
40316346
40315856
40311307
40315018
40266090
40316405
40246537
40315109
40313893
40314845
40309400
40314498
40315603
40316217
40301792
40313524
40271052
40314091
40315380
40243084
40292993
40315258
40314400
40251018
40316279
40314501
40314295
40315934
40314488
40316412
40313881
40305437
40306218
40307976
40314242
40315849
40313819
40313724
40284279
40316066
40315245
40313801
40315274
40236282
40313750
40276727
40315987
40312912
40313924
40314793
40273107
40315267
40308761
40315215
40314585
40316189
40313375
40309607
40301680
40315272
40314481
40286530
40316349
40315732
40313935
40312850
40314831
40313817
40306238
40314654
40300443
40309609
40314236
40281170
40316406
40316368
40315712
40314374
40315852
40315329
40314756
40314463
40313455
40315032
40315185
40313104
40313774
40315914
40315377
40310188
40316011
40313094
40315360
40314115
40300505
40304225
40313355
40315099
40308129
40313085
40313813
40314950
40313318
40315373
40313480
40306320
40237129
40236206
40313846
40316440
40308375
40315776
40313964
40287030
40252088
40314000
40313532
40315204
40314890
40311942
40312985
40316165
40316399
40313451
40315982
40316164
40293866
40292334
40315958
40316401
40315932
40312517
40314713
40313457
40314207
40314231
40315422
40313335
40313258
40314955
40315537
40314485
40308657
40315207
40289808
40315608
40314842
40311737
40313578
40313583
40314092
40313962
40314212
40293521
40314368
40314856
40315359
40296168
40314612
40314399
40294657
40316360
40316438
40275006
40312949
40316023
40300057
40313718
40315302
40315628
40279480
40281126
40314666
40301604
40314607
40316287
40316408
40313910
40316446
40313574
40315908
40314839
40314849
40309541
40300809
40314833
40314696
40315595
40313405
40315633
40313972
40313859
40314803
40315128
40315947
40309144
40314783
40313875
40261503
40315913
40315754
40269927
40315957
40315614
40312260
40315743
40314602
40315786
40315528
40314723
40310514
40315708
40305116
40314398
40316367
40313842
40314439
40315461
40315463
40314558
40314988
40315060
40316167
40313580
40313248
40316226
40304316
40311059
40313111
40313749
40316169
40315760
40313219
40314813
40313326
40315899
40313923
40316100
40315120
40315839
40290881
40314238
40313897
40315344
40312931
40300327
40309495
40313100
40313526
40315627
40313032
40261481
40314892
40313784
40313435
40310363
40313106
40315652
40313349
40295555
40315451
40313561
40306407
40310648
40314086
40311500
40305365
40314421
40316203
40285634
40313816
40283875
40269331
40263722
40304461
40312880
40316030
40286307
40313847
40314074
40313343
40315409
40315107
40315953
40314349
40306406
40314691
40315346
40315654
40313136
40315556
40196423
40316471
40315969
40313885
40315695
40316467
40313556
40313589
40314854
40291938
40315341
40316299
40315321
40295879
40316197
40314703
40275552
40312913
40113861
40309565
40315146
40314611
40315742
40312286
40307390
40312940
40314547
40316459
40313610
40293021
40304637
40313814
40313974
40316429
40309396
40313109
40313539
40314105
40315113
40315736
40306307
40313919
40312046
40315028
40315949
40315565
40314780
40315024
40313534
40313967
40315206
40303962
40315069
40314788
40311659
40313194
40313840
40316026
40315485
40306488
40304375
40314903
40314582
40316426
40313393
40310688
40313260
40315026
40262974
40316051
40314608
40316435
40292750
40300427
40312865
40313818
40290303
40313629
40314841
40276439
40313604
40313203
40315959
40283208
40316469
40313544
40315675
40316362
40316077
40315363
40316361
40314606
40315749
40316194
40316403
40313263
40315393
40314388
40299052
40314898
40297359
40182035
40315166
40259002
40315643
40286310
40300847
40314135
40315788
40315398
40257506
40313321
40315954
40315921
40315824
40313101
40315370
40315352
40316214
40315330
40315909
40310369
40315015
40315936
40313320
40315089
40313655
40265462
40315065
40314603
40316317
40303221
40314052
40305259
40257831
40313920
40315395
40310189
40315092
40261756
40313117
40316242
40314799
40303625
40314018
40315757
40314675
40316227
40316293
40269946
40312835
40316458
40316221
40316223
40313929
40315064
40290397
40315108
40310422
40316204
40313366
40315246
40302111
40308112
40316428
40314760
40316433
40307966
40314119
40315022
40314889
40313908
40314779
40310433
40309279
40314245
40309265
40313644
40315179
40312879
40313191
40315629
40313912
40315904
40287232
40316190
40313904
40314993
40314106
40301988
40310295
40315161
40294386
40314373
40316229
40315184
40316303
40310135
40316063
40314680
40313388
40314560
40290099
40316523
40315468
40314005
40304572
40312213
40313205
40282407
40313458
40302879
40315369
40315937
40306405
40307335
40313820
40316201
40313027
40313940
40313233
40314405
40315356
40316348
40289258
40315332
40302202
40297440
40277249
40315940
40315662
40301940
40313052
40316525
40313328
40313782
40275191
40313454
40316409
40286847
40313971
40315023
40313687
40314957
40316306
40315729
40286304
40314805
40315561
40315412
40260006
40313075
40315082
40310194
40313953
40315031
40316289
40315512
40314718
40316261
40316195
40315566
40307331
40313880
40314604
40314250
40315020
40305587
40294492
40313827
40315371
40310581
40299064
40315878
40315025
40314635
40304377
40315381
40316437
40303157
40315737
40315376
40288373
40315134
40315062
40275007
40312928
40310641
40315193
40311907
40313364
40313907
40299481
40302970
40311676
40302143
40313325
40313999
40313314
40313422
40316320
40294848
40300169
40315326
40315304
40314853
40303370
40316285
40316407
40313895
40294800
40313807
40253844
40315046
40315087
40314888
40315104
40285820
40313882
40315475
40098630
40315270
40314781
40316432
40276173
40262595
40315640
40314884
40314384
35567719
40313266
40316089
40309018
40292928
40315538
40308138
40314777
40304676
40315903
40313354
40257234
40313444
40315745
40263393
40313596
40313074
40315902
40312924
40249187
40313342
40316347
40297074
40304790
40313799
40315605
40315543
40315931
40316296
40315584
40313900
40315348
40312779
40313068
40295997
40313592
40316441
40316154
40299491
40313057
40313340
40288195
40313446
40282384
40313620
40313869
40315920
40315579
40313751
40313753
40314550
40315658
40313699
40314260
40316414
40316292
40315414
40315091
40306903
40314863
40297744
40315324
40306596
40315598
40265397
40293525
40314252
40308686
40314444
40314847
40314868
40312886
40313448
40306551
40316358
40315063
40313902
40314116
40314624
40314380
40308438
40296202
40303806
40313831
40315017
40316326
40316518
40309964
40316307
40246384
40315851
40314114
40313110
40315814
40310981
40313352
40287458
40316072
40314563
40315619
40315522
40315853
40312951
40315819
40315567
40313943
40315550
40314073
40313559
40301330
40308320
40315721
40312798
40310729
40315509
40315170
40312111
40315455
40309427
40315586
40313899
40315484
40306644
40316294
40315956
40316445
40314029
40306380
40313587
40303948
40302055
40278584
40230460
40315420
40316363
40315893
40316295
40313673
40252985
40315583
40316310
40313930
40304870
40315923
40315419
40313412
40313545
40276700
40315345
40315855
40309253
40300490
40316342
40313635
40315427
40224022
40315061
40297588
40314782
40290574
40316503
40315735
40314705
40313861
40315335
40315273
40310025
40300230
40316255
40315137
40314438
40315945
40316288
40313918
40315010
40298688
40313126
40315597
40313623
40282219
40313625
40316451
40313867
40315965
40315582
40315679
40315452
40315431
40314376
40313680
40313868
40302052
40305253
40315328
40314350
40314263
40315563
40315968
40314836
40313950
40316340
40312944
40306547
40313083
40313371
40316418
40315126
34708476
40315122
40301194
40308551
40315333
40315403
40309509
40316324
40309232
40309154
40299876
40313550
36673786
40316224
40281788
40260796
40315349
40316166
40315613
40255850
40283205
40314235
40314378
40313316
40314626
40316344
40314688
40315594
40315131
40314589
40315396
40314192
40316193
40269069
40311413
40315470
40295732
40315632
40315589
40312885
40315955
40316187
40313582
40313668
40316421
40314946
40312923
40274550
40279477
40304456
40313182
40314880
40289155
40315494
40315636
40231719
40313944
40315857
40313860
40315648
40314353
40277207
40313594
40313642
40315317
40315762
40314802
40309040
40316453
40315012
40228474
40313823
40313436
40315479
40314637
40313346
40312884
40314600
40314027
40302654
40314694
40236337
40309223
40314566
40313077
40303277
40314003
40315621
40275090
40315480
40312933
40293639
40313744
40313785
40315607
40250391
40315560
40231906
40315325
40314248
40314355
40296631
40289594
40308274
40315240
40315132
40313735
40314852
40309521
40315716
40260008
40314778
40299027
40313948
40313659
40305740
40313022
40315611
40314876
40275890
40314222
40314489
40316034
40307500
40313986
40316423
40313808
40312936
40313441
40313822
40315861
40302270
40315343
40315755
40237222
40268997
40314300
40312248
40315105
40312466
40303877
40313092
40316200
40315150
40315158
40313497
40287301
40316431
40302153
40310182
40273249
40313426
40316215
40315689
40299531
40315123
40308616
40315227
40316198
40295937
40315357
40315183
40316087
40307623
40303448
40314840
40313845
40313825
40315864
40316359
40314382
40316350
40315200
40314994
40315552
40313264
40314859
40314758
40315624
40314896
40311846
40290391
40315275
40316076
40313803
40312967
40313090
40315350
40238370
40315232
40315191
40314392
40313129
40293743
40239484
40313197
40313557
40315088
40179712
40272132
40315103
40315746
40314436
40310201
40313638
40314728
40254024
40315866
40286447
40315021
40304950
40311658
40314567
40314650
40314591
40313906
40315079
40315898
40315397
40313590
40306255
40307070
40315809
40313947
40316357
40316209
40316263
40313097
40279855
40315685
40313834
40316297
40314538
40315782
40315847
40315411
40314413
40314800
40280770
40268187
40313128
40314632
40310365
40313645
40314193
40313601
40313835
40315100
40316284
40315384
40315401
40278055
40249420
40313593
40315102
40302268
40315744
40282135
40316319
40313865
40313042
40315988
40314108
40314866
40306922
40316282
40314820
40313315
40313363
40298110
40315948
40316339
40315615
40316078
40290539
40314107
40314387
40204691
40314544
40313884
40308989
40024468
40312830
40314827
40316343
40315338
40312712
40313826
40293636
40313942
40315564
40314194
40315260
40313387
40315339
40287205
40314050
40315213
40308628
40313385
40315750
40315084
40315562
40276741
40315748
40313459
40314233
40314249
40313372
40313250
40316516
40314507
40316308
40314104
40315233
40309520
40316304
40314120
40314769
40295611
40277754
40305378
40309489
40312874
40314895
40314564
40314524
40313606
40314954
40314580
40315085
40313475
40314621
40316192
40315604
40315733
40315900
40315752
40309794
40314391
40282399
40250123
40313456
40306763
40315378
40288946
40315925
40316098
40265857
40316206
40315157
40315410
40303681
40316031
40315609
40315066
40304502
40307393
40313070
40315897
40313011
40313383
40315952
40312227
40314381
40315711
40315653
40313002
40313643
40316009
40313921
40292111
40315386
40314127
40313330
40313652
40309280
40315033
40278791
40313915
40315681
40315642
40273251
40316061
40310702
40313857
40315276
40314948
40314087
40307523
40315030
40315094
40313598
40316301
40313833
40316507
40315950
40312942
40315740
40313873
40301075
40316040
40253525
40313922
40307478
40297298
40304576
40315392
40314420
40315444
40313416
40313602
40313317
40300995
40313666
40314512
40314347
40309107
40312791
40316341
40313916
40306826
40314117
40270878
40316529
40314773
40314239
40311394
40315056
40316081
40316080
40268976
40314099
40313246
40289461
40314784
40309919
40315189
40315756
40312869
40313937
40312477
40313837
40272570
40300761
40314644
40315960
40316247
40316003
40314562
40313603
40313370
40316416
40315739
40314995
40175857
40312900
40314594
40263081
40315558
40266723
40316479
40315319
40278924
40315616
40316514
40282735
40315019
40316436
40307438
40315753
40255177
40314401
40313312
40315129
40316210
40314103
40315634
40314645
40314109
40313389
40313069
40311629
40316328
40314699
40313338
40314565
40315327
40316510
40314121
40313121
40315029
40316099
40313500
40313323
40315230
40265733
40316219
40305931
40315059
40315400
40315121
40315008
40314605
40313365
40314858
40254006
40313311
40315180
40314434
40315991
40315006
40304435
40314154
40313591
40305852
40314835
40314690
40316290
40314857
40314618
40315074
40316316
40315147
40315901
40316305
40316498
40314112
40310555
40315895
40311847
40315367
40313336
40293271
40313523
40315375
40313713
40312890
40314134
40314111
40313130
40316410
40314180
40313786
40316251
40296240
40315290
40302479
40314430
40229761
40314775
40245532
40315554
40314867
40315027
40314953
40239891
40312854
40314406
40315924
40312934
40229350
40314843
40315588
40312750
40304108
40315600
40277741
40313600
40315859
40316058
40316369
40315399
40305399
40316302
40314375
40308090
40315208
40313968
40313334
40315354
40314609
40310204
40314798
40313843
40314009
40316531
40309608
40316207
40308842
40315462
40315175
40300649
40314986
40314102
40315223
40316018
40313125
40315738
40295991
40316390
40314321
40316216
40315630
40314253
40314323
40314054
40303713
40314625
40315601
40302687
40315090
40316404
40313404
40313829
40316313
40296905
40314251
40313585
40315456
40313253
40315013
40315906
40306240
40313082
40313765
40315919
40315248
40315610
40314829
40315751
40316530
40244463
40312310
40310556
40315867
40313166
40310340
40316424
40314122
40313743
40312809
40315434
40297411
40316202
40316208
40316220
40305074
40314075
40313755
40312868
40316188
40315457
40316057
40313584
40314244
40315796
40316493
40307450
40316402
40316196
40270631
40311420
40313788
40315322
40314851
40315860
40315009
40311845
40300869
40277365
40303211
40315516
40313138
40286674
40315081
40313114
40313579
40315625
40315699
40315599
40306497
40315961
40304847
40314004
40313115
40313745
40313864
40315620
40315568
40316443
40314886
40313265
40315623
40315016
40308160
40314450
40304037
40316272
40310888
40295733
40315946
40315670
40315320
40313648
40315112
40316191
40260621
40315051
40315198
40313558
40314861
40303022
40313810
40313079
40314634
40313844
40316354
40315368
40315124
40315844
40315967
40313988
40315912
40313828
40315271
40315269
40302051
40305352
40316411
40314379
40314629
40310580
40316212
40313137
40311848
40301603
40314870
40316415
40310050
40313018
40257343
40316417
40314855
40315007
40316233
40314396
40315110
40314979
40291709
40309113
40309272
40313850
40313716
40301534
40314741
40316278
40314146
40269526
40315266
40313411
40315253
40305736
40315249
40314900
40314623
40313949
40313863
40313932
40313641
40315585
40313368
40314351
40315928
40310218
40313956
40316335
40299658
40315268
40316381
40313347
40315557
40315559
40315459
40314616
40314124
40315723
40314492
40315593
40314149
40315404
40292327
40316352
40313977
40314838
40314123
40313941
40316079
40315387
40283508
40310694
40230455
40289156
40313067
40313133
40314846
40315962
40313148
40304463
40313122
40313088
40314628
40316300
40315511
40313824
40316265
40231369
40316419
40313322
40306995
40316331
40315505
40311455
40313515
40315318
40313142
40314390
40308009
40302053
40313812
40316420
40313695
40313961
40315405
40316337
40302308
40310394
40290041
40290316
40315152
40288160
40315295
40312480
40306955
40314980
40316351
40314832
40313621
40315596
40314118
40313319
40316455
40313102
40314908
40265470
40285166
40316448
40304785
40314243
40315592
40313901
40268910
40303032
40313440
40315488
40312261
40290421
40314770
40313639
40267211
40313348
40315602
40303568
40313127
40316345
40315691
40315067
40316205
40315192
40315612
40314674
40314921
40315337
40316168
40316413
40300646
40315486
40315996
40316277
40303823
40314660
40315979
40315340
40313588
40314850
40313662
40315963
40307313
40313854
40315005
40314776
40315072
40314615
40315524
40228193
40313555
40300508
40314101
40314095
40313815
40288374
40315217
40313615
40313987
40315212
40316228
40249152
40316376
40313862
40313727
40313586
40310205
40285482
40314183
40314871
40315951
40303184
40293403
40301605
40315127
40282128
